-54.019612
672.09
-769.56828
0.97697646
305.51635
832.77253
-0.87311164
0.0056897873
-1349.4
956.24235
-575.76424
-1976.323
0.091705289
916.57
-985.07
8464
-7961.799
952.03696
398.00883
-481.39757
-264.34
4.34
0.92537115
750.14
1825.25
-5.0986197
-592.65491
165.25
-140.17
1126.61
-434.21
383.64
-1544.7811
-1.7524668
507.53
413.14417
-260.66
-807.6978
1354.252
216.56
1.3549724
0.72540676
228.75494
-638.4
1012.5012
-730.79537
-630.91272
-134.74148
-1.627196
-469.55496
160.06013
0.016451613
1622.51
1.1255433
539.35
-13.987899
-2668.8508
329.52798
2482.4746
514.45
-81.562444
-437.88
-2110.8421
600
-0.0055183957
1.7038848
829.79202
769
-700.83
186
-788.99
-1397.1793
-2164.413
293.62
1978.5341
211.29405
-901.26197
-613.92
-2.2730509
1225.9407
1807.62
-0.77216914
297.19765
6.406434
-1203.85
-887.71692
-642
-2.2136872
-408.63244
-1045.8438
-1238.72
1189.7068
831.96713
-67.643821
-540.75252
-163.88712
-0.0082272551
-158.68
-25.286857
-2.8065952
