-54.01961
672.09
-769.56828
0.97698
305.51635
832.77253
-0.87311
0.00569
-1349.4
956.24235
-575.76424
-1976.32305
0.09171
916.57
-985.07
8464
-7961.79899
952.03696
398.00883
-481.39757
-264.34
4.34
0.92537
750.14
1825.25
-5.09862
-592.65491
165.25
-140.17
1126.61
-434.21
383.64
-1544.78114
-1.75247
507.53
413.14417
-260.66
-807.6978
1354.25197
216.56
1.35497
0.72541
228.75494
-638.4
1012.50125
-730.79537
-630.91272
-134.74148
-1.6272
-469.55496
160.06013
0.01645
1622.51
1.12554
539.35
-13.9879
-2668.85079
329.52798
2482.47458
514.45
-81.56244
-437.88
-2110.8421
600
-0.00552
1.70388
829.79202
769
-700.83
186
-788.99
-1397.17927
-2164.41299
293.62
1978.5341
211.29405
-901.26197
-613.92
-2.27305
1225.94065
1807.62
-0.77217
297.19765
6.40643
-1203.85
-887.71692
-642
-2.21369
-408.63244
-1045.84382
-1238.72
1189.70677
831.96713
-67.64382
-540.75252
-163.88712
-0.00823
-158.68
-25.28686
-2.8066
